[gd_scene load_steps=5 format=3 uid="uid://c0t44cm7iwyow"]

[ext_resource type="PackedScene" uid="uid://ndy4eo22dhkm" path="res://models/trees/FBX/DeadBirch_3.fbx" id="1_tqgiq"]
[ext_resource type="PackedScene" uid="uid://b5haim2drcru1" path="res://models/trees/leaves/leaves2.tscn" id="2_k0ak4"]
[ext_resource type="PackedScene" uid="uid://c8w3ifhv0dd3b" path="res://models/trees/leaves/leaves1.tscn" id="3_gujsp"]

[sub_resource type="CylinderShape3D" id="CylinderShape3D_34axr"]
height = 6.0

[node name="DeadTreeB" type="Node3D"]

[node name="Root Scene" parent="." instance=ExtResource("1_tqgiq")]

[node name="Leaves2" parent="." instance=ExtResource("2_k0ak4")]
transform = Transform3D(-0.33182, 0.718738, -0.610991, 0.839063, 0.520874, 0.157046, 0.431125, -0.460549, -0.775903, -1.57598, 6, 0.612434)

[node name="Leaves3" parent="." instance=ExtResource("2_k0ak4")]
transform = Transform3D(0.379487, -0.76721, 0.517087, 0.839063, 0.520874, 0.157046, -0.389825, 0.374271, 0.841402, 0.845497, 6, 0.160969)

[node name="Leaves4" parent="." instance=ExtResource("2_k0ak4")]
transform = Transform3D(-0.606085, -0.177234, 0.775403, 0.690587, 0.366441, 0.623547, -0.394653, 0.913406, -0.0996988, -0.267956, 6, 0.160969)

[node name="Leaves1" parent="." instance=ExtResource("3_gujsp")]
transform = Transform3D(-0.258819, 5.35353e-08, 0.965926, 0.965926, -3.09086e-08, 0.258819, 4.37114e-08, 1, -4.37114e-08, -3.73935, 7, 1)

[node name="StaticBody3D" type="StaticBody3D" parent="."]

[node name="CollisionShape3D" type="CollisionShape3D" parent="StaticBody3D"]
transform = Transform3D(0.944342, -0.328966, 0, 0.319386, 0.916843, -0.239567, 0.0788094, 0.226233, 0.97088, -1.15439, 2.88105, 0.59321)
shape = SubResource("CylinderShape3D_34axr")

[node name="CollisionShape3D2" type="CollisionShape3D" parent="StaticBody3D"]
transform = Transform3D(0.954555, 0.22474, -0.195744, -0.200028, 0.96999, 0.138232, 0.220936, -0.0927955, 0.970864, 0.158064, 2.88105, -0.107491)
shape = SubResource("CylinderShape3D_34axr")
