[gd_scene load_steps=13 format=3 uid="uid://d1luf3i7kikjs"]

[ext_resource type="Material" uid="uid://dbcsevfu8wklr" path="res://materials/snow.tres" id="1_6qk0c"]
[ext_resource type="Texture2D" uid="uid://ycglwuk1eo1d" path="res://textures/big_fence.png" id="2_f17er"]
[ext_resource type="PackedScene" uid="uid://2pthcq51ouxk" path="res://models/trees/ready/dead_tree_a.tscn" id="3_ryrqu"]
[ext_resource type="PackedScene" uid="uid://c0t44cm7iwyow" path="res://models/trees/ready/dead_tree_b.tscn" id="4_4blop"]
[ext_resource type="PackedScene" uid="uid://cnq2w2komw1pk" path="res://models/trees/ready/bush1.tscn" id="5_r01ca"]

[sub_resource type="PrismMesh" id="PrismMesh_dekpf"]
left_to_right = 0.0
size = Vector3(2, 3, 30)

[sub_resource type="StandardMaterial3D" id="StandardMaterial3D_oksys"]
transparency = 1
cull_mode = 2
albedo_texture = ExtResource("2_f17er")
uv1_scale = Vector3(0.785, 0.785, 0.785)
uv1_offset = Vector3(0.025, -0.05, 0)
uv1_triplanar = true
texture_filter = 0

[sub_resource type="QuadMesh" id="QuadMesh_sv077"]
material = SubResource("StandardMaterial3D_oksys")
size = Vector2(30, 3)

[sub_resource type="ConvexPolygonShape3D" id="ConvexPolygonShape3D_5a31m"]
points = PackedVector3Array(0, 0, 15, -2, 3, 15, -2, 0, 15, 0, 0, -15, -2, 3, -15, -2, 0, -15)

[sub_resource type="BoxShape3D" id="BoxShape3D_djk4a"]
size = Vector3(0.1, 3, 30)

[sub_resource type="BoxShape3D" id="BoxShape3D_75io7"]
size = Vector3(10, 1, 30)

[sub_resource type="BoxMesh" id="BoxMesh_vst5e"]
size = Vector3(10, 1, 30)

[node name="ForestBorderSection" type="StaticBody3D"]

[node name="Hill" type="MeshInstance3D" parent="."]
transform = Transform3D(1, 0, 0, 0, 1, 0, 0, 0, 1, 0, 1.5, 0)
material_override = ExtResource("1_6qk0c")
mesh = SubResource("PrismMesh_dekpf")

[node name="Fence" type="MeshInstance3D" parent="."]
transform = Transform3D(-4.37114e-08, 0, 1, 0, 1, 0, -1, 0, -4.37114e-08, -1, 4.5, 0)
mesh = SubResource("QuadMesh_sv077")

[node name="CollisionShape3D" type="CollisionShape3D" parent="."]
transform = Transform3D(1, 0, 0, 0, 1, 0, 0, 0, 1, 1, 0, 0)
shape = SubResource("ConvexPolygonShape3D_5a31m")

[node name="CollisionShape3D2" type="CollisionShape3D" parent="."]
transform = Transform3D(1, 0, 0, 0, 1, 0, 0, 0, 1, -1, 4.5, 0)
shape = SubResource("BoxShape3D_djk4a")

[node name="Ground" type="CollisionShape3D" parent="."]
transform = Transform3D(1, 0, 0, 0, 1, 0, 0, 0, 1, -6, 2.5, 0)
shape = SubResource("BoxShape3D_75io7")

[node name="Ground2" type="MeshInstance3D" parent="."]
transform = Transform3D(1, 0, 0, 0, 1, 0, 0, 0, 1, -6, 2.5, 0)
material_override = ExtResource("1_6qk0c")
mesh = SubResource("BoxMesh_vst5e")

[node name="DeadTreeA" parent="." instance=ExtResource("3_ryrqu")]
transform = Transform3D(1, 0, 0, 0, 1, 0, 0, 0, 1, -3.31764, 3, 2.75902)

[node name="DeadTreeB" parent="." instance=ExtResource("4_4blop")]
transform = Transform3D(-0.258819, 0, -0.965926, 0, 1, 0, 0.965926, 0, -0.258819, -8.6102, 3, 2.84906)

[node name="DeadTreeB2" parent="." instance=ExtResource("4_4blop")]
transform = Transform3D(0.193036, 0, 0.981192, 0, 1, 0, -0.981192, 0, 0.193036, -5.83103, 3, -3.48665)

[node name="Bush1" parent="." instance=ExtResource("5_r01ca")]
transform = Transform3D(1, 0, 0, 0, 1, 0, 0, 0, 1, -3.27174, 4, 3.92411)

[node name="Bush2" parent="." instance=ExtResource("5_r01ca")]
transform = Transform3D(0.258819, 0, 0.965926, 0, 1, 0, -0.965926, 0, 0.258819, -3.27174, 4, 0.924114)

[node name="Bush3" parent="." instance=ExtResource("5_r01ca")]
transform = Transform3D(0.707107, 0, -0.707107, 0, 1, 0, 0.707107, 0, 0.707107, -3.27174, 4, -2.07589)

[node name="DeadTreeB3" parent="." instance=ExtResource("4_4blop")]
transform = Transform3D(1, 0, 0, 0, 1, 0, 0, 0, 1, -6.19464, 3, -10.0263)

[node name="Bush4" parent="." instance=ExtResource("5_r01ca")]
transform = Transform3D(1, 0, 0, 0, 1, 0, 0, 0, 1, -8.40697, 4, -8.22898)

[node name="DeadTreeB4" parent="." instance=ExtResource("4_4blop")]
transform = Transform3D(0.258819, 0, 0.965926, 0, 1, 0, -0.965926, 0, 0.258819, -6.22281, 3, 9.33372)
